0 0.985228 0.025261 0.998200 0.030948 0.991359 0.052805 0.985050 0.052094 0.977942 0.048007
0 0.680902 0.000006 0.681456 0.004524 0.679473 0.005833 0.678500 0.031492 0.662615 0.032600 0.662598 0.028536 0.637024 0.027982 0.637722 0.017595 0.636386 0.000006
0 0.703621 0.042021 0.694386 0.042390 0.681137 0.043498 0.679266 0.028599 0.679160 0.025957 0.679648 0.015840 0.702698 0.015237
0 0.700935 0.000006 0.701371 0.007630 0.683656 0.007512 0.684528 0.000006
0 0.759973 0.000005 0.760251 0.002728 0.757884 0.003006 0.758093 0.004538 0.760738 0.004677 0.759763 0.011360 0.756004 0.011430 0.755726 0.013936 0.736929 0.011847 0.736999 0.005095 0.739853 0.005512 0.739783 0.000005
0 0.739081 0.030336 0.757896 0.032941 0.755725 0.058269 0.752975 0.058414 0.751672 0.067242 0.735607 0.063190
0 0.617480 0.095088 0.659151 0.102285 0.658706 0.107439 0.663149 0.108149 0.664393 0.112947 0.662705 0.115613 0.658084 0.115257 0.655952 0.119789 0.614903 0.113392 0.614814 0.109304
0 0.603320 0.032650 0.691059 0.048536 0.684779 0.088619 0.595931 0.072179
0 0.510465 0.173299 0.541474 0.178718 0.538808 0.191335 0.507533 0.185827
0 0.598566 0.167232 0.604785 0.167410 0.622022 0.169631 0.624066 0.195486 0.614559 0.195220 0.614470 0.191666 0.593768 0.187579
0 0.677829 0.453796 0.695066 0.456518 0.692231 0.474775 0.675448 0.472847
0 0.682932 0.423406 0.700509 0.426127 0.698695 0.445972 0.680438 0.443704
0 0.687468 0.394375 0.704024 0.396530 0.702890 0.416375 0.685540 0.414674
0 0.714685 0.384061 0.731810 0.386150 0.731950 0.392972 0.729722 0.404180 0.713083 0.402927
0 0.599093 0.442687 0.643525 0.447318 0.637446 0.486105 0.592001 0.481763
0 0.613023 0.390258 0.633888 0.393547 0.630826 0.425412 0.609281 0.422690
0 0.691842 0.365357 0.708991 0.367489 0.707125 0.385881 0.696818 0.385082 0.689443 0.382150
0 0.719475 0.353540 0.736979 0.356649 0.735024 0.377085 0.717343 0.374331
0 0.741384 0.835492 0.757738 0.836794 0.756002 0.858214 0.755712 0.881371 0.740371 0.881226 0.740805 0.856912
0 0.568466 0.918517 0.571739 0.918626 0.571139 0.933899 0.567921 0.933954
0 0.407515 0.954494 0.424593 0.956086 0.423001 0.973309 0.406502 0.972006
0 0.913176 0.832474 0.913176 0.824310 0.930526 0.823970 0.932113 0.836784 0.932453 0.842227 0.914310 0.843928 0.913743 0.841546 0.907619 0.842000 0.907052 0.832701
0 0.734420 0.067182 0.751090 0.071264 0.749616 0.088614 0.734761 0.086006 0.735668 0.082264 0.732946 0.080676 0.731812 0.080449
0 0.730678 0.115716 0.731132 0.111067 0.724668 0.110500 0.725575 0.104943 0.731472 0.105397 0.732266 0.098366 0.749162 0.100181 0.747008 0.118551
0 0.725563 0.144655 0.728627 0.125997 0.742968 0.128852 0.743525 0.138528 0.742411 0.145977 0.729880 0.144794 0.726260 0.144655
0 0.737704 0.177396 0.721692 0.176908 0.722667 0.157485 0.738679 0.158738
0 0.718553 0.186118 0.733312 0.187649 0.731362 0.205959 0.716046 0.204079
0 0.715334 0.214911 0.733813 0.218199 0.729934 0.238517 0.711932 0.236117
0 0.741706 0.206072 0.756788 0.207433 0.754066 0.224896 0.739778 0.223989
0 0.736898 0.235096 0.751413 0.234982 0.751640 0.252559 0.736444 0.251425
0 0.710136 0.245415 0.716713 0.247343 0.725444 0.247796 0.724084 0.266621 0.716372 0.267981 0.708094 0.264126
0 0.731838 0.274152 0.732522 0.269237 0.745814 0.268981 0.745942 0.283982 0.740771 0.284581 0.731326 0.284623
0 0.706388 0.275652 0.723511 0.278147 0.719202 0.297652 0.702872 0.293683
0 0.701960 0.304938 0.717305 0.307646 0.715801 0.326301 0.699854 0.325097
0 0.727836 0.292602 0.744385 0.296514 0.742278 0.315168 0.724527 0.313062
0 0.726934 0.325398 0.740774 0.326903 0.738969 0.346460 0.724827 0.345256
0 0.696864 0.335103 0.713874 0.337144 0.712513 0.354381 0.703668 0.356309 0.695163 0.353814
0 0.579799 0.337300 0.595339 0.339511 0.593892 0.366286 0.577393 0.367878 0.576669 0.367588
0 0.617338 0.331840 0.618930 0.316644 0.624285 0.317078 0.625298 0.300289 0.630074 0.294790 0.643100 0.296671 0.643100 0.302460 0.649034 0.302605 0.647008 0.330393 0.628338 0.329090 0.628193 0.333722
0 0.613454 0.348089 0.638169 0.350665 0.637820 0.376215 0.610879 0.375519 0.613246 0.351501
0 0.365023 0.066084 0.373552 0.063151 0.380394 0.078523 0.370976 0.082166
0 0.383948 0.062529 0.391411 0.059597 0.395499 0.070437 0.388213 0.073814
0 0.357070 0.034238 0.357270 0.034475 0.350518 0.059976 0.342166 0.058821 0.347675 0.033498 0.350039 0.032314
0 0.364424 0.097460 0.380417 0.093817 0.382994 0.103858 0.366912 0.107856
0 0.377199 0.145653 0.401545 0.145386 0.401456 0.160491 0.377733 0.160668
0 0.285403 0.078222 0.307681 0.077665 0.306706 0.092354 0.285251 0.093164
0 0.210278 0.000005 0.211016 0.008073 0.189220 0.008627 0.189774 0.000005
0 0.242419 0.000005 0.243711 0.006780 0.220622 0.007149 0.219883 0.000005
0 0.272342 0.000006 0.272728 0.006670 0.250915 0.006225 0.250915 0.000005
0 0.304774 0.000006 0.305227 0.007431 0.282661 0.007318 0.282548 0.000006
0 0.181499 0.000005 0.182920 0.009403 0.160174 0.008870 0.159464 0.000005
0 0.159800 0.036265 0.183191 0.034107 0.184375 0.053530 0.160705 0.054852
0 0.191685 0.035917 0.213127 0.035708 0.213336 0.051441 0.191615 0.052068
0 0.221481 0.035012 0.242853 0.034594 0.243549 0.051163 0.222455 0.051859
0 0.272506 0.034608 0.273620 0.051455 0.253431 0.050480 0.252387 0.034468
0 0.305355 0.033757 0.306262 0.039200 0.306602 0.049633 0.283469 0.049746 0.282448 0.033871
0 0.192880 0.080279 0.215714 0.080368 0.215626 0.095917 0.192969 0.096095
0 0.184172 0.082323 0.184794 0.098316 0.163470 0.098138 0.163026 0.081967
0 0.146423 0.077094 0.152578 0.076794 0.152578 0.084188 0.146252 0.083718
0 0.349597 0.147496 0.367811 0.145541 0.370654 0.155315 0.370654 0.163045 0.351551 0.162068 0.350396 0.152205
0 0.338401 0.147674 0.338934 0.163756 0.316811 0.164289 0.316277 0.147141
0 0.285814 0.149368 0.308231 0.149229 0.307813 0.164127 0.285396 0.163501
0 0.308761 0.190505 0.309774 0.207583 0.288499 0.208596 0.288499 0.190360
0 0.319761 0.190794 0.339444 0.190939 0.340746 0.207294 0.321497 0.208307
0 0.347983 0.189781 0.369982 0.188913 0.370271 0.190505 0.370995 0.207294 0.348562 0.207583
0 0.402111 0.197307 0.402111 0.208017 0.379687 0.206934 0.378789 0.187148 0.400954 0.186887
0 0.484074 0.490677 0.505763 0.490441 0.505999 0.508122 0.484074 0.508593
0 0.484310 0.451778 0.504348 0.451307 0.505056 0.468516 0.484781 0.468752
0 0.449904 0.450875 0.474410 0.449901 0.474827 0.469324 0.449487 0.470298
0 0.444062 0.454295 0.445573 0.472776 0.422205 0.473753 0.422383 0.454739
0 0.480811 0.409935 0.501418 0.409726 0.501835 0.430890 0.480950 0.431029 0.480672 0.413486
0 0.449317 0.409543 0.474309 0.408360 0.475075 0.426669 0.449665 0.427017
0 0.355517 0.443836 0.355656 0.442931 0.360459 0.443070 0.359903 0.452329 0.355656 0.452538
0 0.393179 0.466113 0.406616 0.466601 0.406476 0.470290 0.393458 0.470221
0 0.395755 0.459917 0.401255 0.459500 0.402090 0.464791 0.397078 0.464721
0 0.804660 0.429658 0.807120 0.448183 0.781069 0.451367 0.779043 0.433421
0 0.636874 0.210611 0.638167 0.180872 0.659409 0.184566 0.658116 0.213751
0 0.632810 0.215967 0.653683 0.218369 0.650543 0.239980 0.630594 0.236286
0 0.627084 0.260668 0.653868 0.264917 0.650174 0.291516 0.622466 0.285974
0 0.287044 0.235412 0.311539 0.234165 0.311765 0.251968 0.288405 0.252082
0 0.318909 0.234391 0.341589 0.233484 0.342837 0.252649 0.318229 0.254009
0 0.350775 0.234051 0.371867 0.233938 0.372094 0.250948 0.351115 0.250948
0 0.378784 0.232237 0.401804 0.231897 0.403051 0.249133 0.377196 0.250040 0.375042 0.232237
0 0.382890 0.320426 0.405902 0.320137 0.405323 0.337070 0.383324 0.337504
0 0.373048 0.321874 0.373193 0.340109 0.322393 0.341123 0.322249 0.322742 0.343524 0.322018
0 0.381153 0.275416 0.402862 0.275271 0.402862 0.292494 0.381443 0.292349
0 0.374640 0.293362 0.351194 0.293507 0.350905 0.278310 0.375075 0.278166
0 0.320078 0.278889 0.344103 0.278744 0.342511 0.295533 0.320512 0.295678
0 0.438776 0.410810 0.442105 0.429046 0.418224 0.429480 0.417067 0.411968
0 0.409251 0.412547 0.412290 0.430349 0.388844 0.430204 0.388989 0.412692
0 0.379871 0.413415 0.380884 0.430204 0.356280 0.430349 0.356570 0.413994
0 0.469131 0.363673 0.471637 0.379615 0.447132 0.379893 0.445739 0.363046
0 0.439809 0.363388 0.441287 0.380752 0.415427 0.380936 0.414873 0.363573
0 0.407669 0.364866 0.407299 0.381860 0.384395 0.382968 0.384395 0.364866
0 0.348487 0.367627 0.348601 0.383276 0.325127 0.383729 0.324787 0.367740
0 0.355631 0.367853 0.377290 0.366606 0.377517 0.380781 0.356992 0.382255
0 0.644974 0.610153 0.655227 0.615484 0.653177 0.623277 0.642513 0.618355