0 0.106854 0.958523 0.261584 0.922453 0.271023 0.962569 0.118315 0.998976 0.114944 0.983132
0 0.093895 0.903575 0.160540 0.889306 0.246318 0.871631 0.249237 0.880874 0.254102 0.893522 0.257020 0.911358 0.176917 0.927249 0.103138 0.944113 0.100057 0.925304
0 0.274922 0.795753 0.273625 0.797212 0.277354 0.803536 0.144565 0.884368 0.135671 0.869122 0.124014 0.849541 0.257275 0.767295
0 0.257012 0.766885 0.123770 0.849121 0.103908 0.815761 0.103838 0.815654 0.236543 0.733877
0 0.235195 0.731729 0.101680 0.812314 0.079965 0.778699 0.113458 0.758938 0.137457 0.744344 0.137781 0.741425 0.170050 0.724399 0.170374 0.723427 0.176698 0.719048 0.178806 0.719048 0.196318 0.708995 0.195832 0.708671 0.213927 0.697441
0 0.057043 0.738546 0.059941 0.736890 0.146033 0.681634 0.189493 0.655351 0.211016 0.689291 0.077118 0.772279
0 0.184940 0.648522 0.118301 0.689084 0.116025 0.689498 0.089742 0.706468 0.089949 0.707089 0.051869 0.731510 0.044419 0.717644 0.038211 0.708331 0.030967 0.695707 0.062010 0.677288 0.165279 0.614168
0 0.006514 0.658085 0.013645 0.652274 0.072546 0.615824 0.138843 0.575677 0.159973 0.608429 0.106355 0.641709 0.091035 0.649633 0.026852 0.690045
0 0.000502 0.603897 0.114015 0.534737 0.134617 0.569073 0.000502 0.650648
0 0.000502 0.548920 0.089808 0.493767 0.102018 0.514669 0.110296 0.528121 0.000502 0.595487
0 0.022194 0.463985 0.023189 0.461198 0.051262 0.445569 0.050366 0.444673 0.075950 0.429840 0.088493 0.449152 0.070574 0.459505 0.070674 0.460799 0.033542 0.482103
0 0.000502 0.421823 0.011405 0.415507 0.011532 0.414237 0.020298 0.409155 0.051934 0.390732 0.057905 0.401278 0.063496 0.409282 0.029065 0.428848 0.029446 0.430499 0.009372 0.442442 0.000502 0.428253
0 0.000502 0.366158 0.027656 0.350917 0.039824 0.371041 0.000502 0.393298
0 0.000502 0.311620 0.002435 0.310276 0.015774 0.329489 0.007511 0.334566 0.007113 0.335761 0.000502 0.339277
0 0.022742 0.324014 0.019059 0.318240 0.024534 0.315055 0.028217 0.321326
0 0.124230 0.486219 0.137818 0.477908 0.172606 0.458487 0.171280 0.457551 0.178299 0.453417 0.190389 0.473072 0.151624 0.495848 0.151468 0.496706 0.135968 0.505854
0 0.146788 0.452871 0.153028 0.461841 0.134386 0.472760 0.135322 0.474710 0.123935 0.481808 0.114107 0.466287 0.125261 0.459657 0.128303 0.462465 0.143902 0.453651
0 0.155755 0.523307 0.204767 0.494069 0.216202 0.514270 0.179992 0.534598 0.179103 0.536377 0.174529 0.540061 0.160300 0.547430 0.149246 0.528881 0.157045 0.524275
0 0.179533 0.581930 0.173449 0.568670 0.196771 0.555098 0.196771 0.552992 0.229296 0.535053 0.241074 0.554006 0.216270 0.567656 0.216192 0.569528 0.184369 0.587546 0.182029 0.582086
0 0.238110 0.526785 0.242166 0.533493 0.235848 0.536535 0.232416 0.530607
0 0.195717 0.608429 0.198369 0.606635 0.249458 0.574500 0.253436 0.574656 0.265682 0.593766 0.209757 0.627539 0.204921 0.622937
0 0.278449 0.618790 0.284455 0.627838 0.290305 0.635170 0.263942 0.649990 0.263318 0.650691 0.240932 0.663873 0.241556 0.664887 0.235004 0.668787 0.229623 0.660129 0.225957 0.654201 0.224007 0.655527 0.219873 0.649210 0.222915 0.647494 0.250526 0.632128 0.251228 0.630880 0.277123 0.616606
0 0.315414 0.677118 0.292817 0.690358 0.283658 0.695833 0.283459 0.697127 0.260464 0.709770 0.255188 0.701707 0.251106 0.694041 0.248916 0.695634 0.245631 0.690259 0.262056 0.681200 0.261160 0.679806 0.263450 0.679806 0.278979 0.670548 0.279577 0.669055 0.281468 0.668856 0.302174 0.656612 0.309939 0.667860
0 0.258885 0.730668 0.298118 0.708283 0.298040 0.707269 0.299990 0.706879 0.313951 0.697285 0.314497 0.698065 0.322297 0.709843 0.327757 0.717643 0.319645 0.722167 0.318787 0.724507 0.272222 0.750714 0.267386 0.742602 0.260913 0.731604
0 0.338067 0.731208 0.349120 0.750139 0.349120 0.754713 0.293091 0.786857 0.288644 0.777455 0.285086 0.771229 0.281275 0.772881 0.277971 0.766147 0.335907 0.732352
0 0.356033 0.761747 0.366983 0.779267 0.367083 0.784444 0.328458 0.806145 0.327861 0.807738 0.312132 0.816100 0.302178 0.800670 0.300983 0.802064 0.297300 0.797086 0.306458 0.791711 0.306458 0.789919 0.308449 0.790217 0.353445 0.763240
0 0.281706 0.987071 0.289266 0.985809 0.290786 0.992464 0.283348 0.994453 0.282343 0.991988 0.284166 0.991630 0.284362 0.990556 0.283515 0.989644 0.282061 0.989433
0 0.344141 0.962891 0.345123 0.965447 0.348110 0.963257 0.353485 0.971420 0.344924 0.975700 0.339051 0.965447 0.342441 0.962734
0 0.354580 0.958877 0.348607 0.962660 0.346218 0.961067 0.344609 0.962441 0.342998 0.962295 0.343033 0.962262 0.341938 0.961067 0.339748 0.961266 0.338951 0.959673 0.348607 0.952307 0.350001 0.952008
0 0.299936 0.967434 0.298558 0.965447 0.291559 0.951342 0.290604 0.952509 0.288695 0.951342 0.288855 0.949805 0.287423 0.949274 0.288483 0.947047 0.291135 0.946994 0.291294 0.949115 0.292619 0.950123 0.302482 0.945563 0.302906 0.943866 0.314999 0.938495 0.322683 0.955742 0.321483 0.957614
0 0.377212 0.910488 0.385604 0.905548 0.391018 0.915225 0.381611 0.920504 0.377144 0.911030
0 0.381882 0.904939 0.366317 0.915090 0.357519 0.899457 0.373558 0.890592 0.381746 0.903924
0 0.019295 0.746922 0.026607 0.744305 0.028726 0.750537 0.029681 0.750910 0.029847 0.752822 0.022909 0.755480
0 0.326006 0.692976 0.327581 0.696165 0.323980 0.700030 0.322216 0.700105 0.320153 0.696578 0.324955 0.692751
0 0.332554 0.705614 0.337860 0.702424 0.340301 0.706720 0.334930 0.709194
0 0.331396 0.929182 0.338375 0.942917 0.327040 0.949140 0.319750 0.935272