0 0.682666 0.213641 0.688877 0.221680 0.678890 0.227526 0.673288 0.218878
0 0.999515 0.723753 0.995014 0.728064 0.989370 0.721696 0.999515 0.711337
0 0.999515 0.710111 0.992529 0.716706 0.984708 0.707004 0.995136 0.698585 0.999515 0.704549
0 0.990560 0.689753 0.979631 0.699526 0.977765 0.697927 0.969502 0.705213 0.964882 0.700326 0.969768 0.696416 0.968169 0.694817 0.973500 0.691174 0.970479 0.687709 0.982119 0.678646
0 0.966855 0.660676 0.975200 0.670331 0.964727 0.680094 0.955673 0.669840
0 0.951984 0.641967 0.962021 0.652713 0.940093 0.670986 0.930929 0.658167
0 0.945952 0.633612 0.951406 0.640376 0.937115 0.651776 0.930842 0.645449 0.936788 0.640976 0.944588 0.634812
0 0.945734 0.631812 0.937279 0.638903 0.931006 0.643921 0.926588 0.639176 0.931061 0.635576 0.926970 0.630557 0.937497 0.621885 0.945134 0.630176
0 0.923838 0.603406 0.927125 0.606693 0.933789 0.615045 0.925158 0.619953 0.928849 0.624464 0.917400 0.635359 0.905179 0.618244 0.913798 0.611047
0 0.909721 0.585761 0.917799 0.595848 0.903182 0.607729 0.894549 0.596788 0.904635 0.588838
0 0.891885 0.591875 0.880062 0.600765 0.868423 0.584772 0.880151 0.576064 0.880664 0.575732
0 0.906895 0.580596 0.892275 0.591582 0.881084 0.575469 0.896588 0.565580
0 0.999516 0.535466 0.990856 0.541839 0.982571 0.530305 0.999516 0.517400
0 0.986612 0.496559 0.994966 0.509299 0.983200 0.518279 0.973384 0.506723 0.985150 0.497394
0 0.977340 0.482850 0.985973 0.494128 0.972467 0.504988 0.963138 0.493571
0 0.953771 0.536513 0.965049 0.528228 0.973612 0.539576 0.963239 0.547999
0 0.944860 0.495090 0.953425 0.489133 0.962682 0.499546 0.953771 0.506020
0 0.926384 0.511982 0.942466 0.497766 0.946464 0.502742 0.943176 0.505319 0.948685 0.512071 0.951528 0.509850 0.953305 0.512516 0.957037 0.509672 0.961124 0.514559 0.961480 0.515270 0.957215 0.518557 0.963346 0.525310 0.953305 0.534017 0.947974 0.526643 0.944776 0.528509 0.941399 0.525665 0.937934 0.527887 0.926917 0.514204
0 0.960365 0.545408 0.964792 0.550486 0.956492 0.558071 0.951283 0.553025 0.959356 0.546189
0 0.926480 0.582706 0.933667 0.577388 0.943063 0.570544 0.950244 0.580629 0.934291 0.592594
0 0.943547 0.570100 0.948299 0.566292 0.955721 0.575113 0.951392 0.579182
0 0.969235 0.568183 0.974733 0.571701 0.992037 0.594492 0.981345 0.603496 0.973748 0.594492 0.954482 0.608652 0.945617 0.595658 0.952723 0.589839 0.947647 0.585710
0 0.999516 0.557072 0.994089 0.549989 0.999516 0.544726
0 0.968515 0.554949 0.978326 0.547012 0.991664 0.564209 0.988798 0.566193 0.993538 0.572145 0.997507 0.569500 0.999516 0.572875 0.999515 0.585725 0.994861 0.589534 0.972925 0.560461
0 0.971286 0.606326 0.980395 0.617181 0.964358 0.629727 0.955249 0.617999
0 0.999515 0.618087 0.993604 0.611382 0.999515 0.605315
0 0.999515 0.661446 0.994673 0.664665 0.987504 0.656460 0.999515 0.645778
0 0.999515 0.644360 0.990614 0.650932 0.985345 0.645836 0.994932 0.639100 0.999515 0.643763
0 0.973858 0.634090 0.986122 0.626058 0.994500 0.636508 0.983531 0.644886
0 0.923863 0.510984 0.938951 0.530068 0.930558 0.537762 0.914072 0.519777
0 0.917869 0.529269 0.946944 0.561741 0.931857 0.574131 0.927161 0.567736 0.924763 0.569735 0.902781 0.541658
0 0.999516 0.482188 0.993294 0.473611 0.999516 0.468508
0 0.999516 0.467544 0.987240 0.477127 0.979622 0.467199 0.999516 0.451945