0 0.207268 0.000005 0.225959 0.012578 0.212461 0.032572 0.204565 0.025695 0.198962 0.033081 0.170946 0.011687 0.176040 0.006848 0.169139 0.000005
0 0.108408 0.043948 0.134668 0.025816 0.155926 0.051607 0.126071 0.072396 0.108877 0.050200 0.111691 0.048324 0.108721 0.043792
0 0.069149 0.133655 0.075097 0.126557 0.094090 0.143632 0.072027 0.169341 0.069341 0.166846 0.066463 0.169532 0.083538 0.184497 0.084498 0.183922 0.089678 0.189485 0.092747 0.185840 0.109055 0.200229 0.091876 0.216586 0.098524 0.222945 0.091587 0.231906 0.097657 0.237687 0.064417 0.275840 0.071411 0.281448 0.054787 0.300843 0.045955 0.293743 0.034006 0.307597 0.031755 0.310195 0.010974 0.334265 0.000495 0.327596 0.000495 0.231894 0.011116 0.220347 0.002601 0.212897 0.018566 0.193738 0.000495 0.177508 0.000495 0.169559 0.009342 0.160389 0.028145 0.177064 0.067979 0.135625
0 0.099372 0.140241 0.119860 0.119989 0.140818 0.139535 0.118918 0.159787
0 0.147705 0.213153 0.147513 0.198572 0.164588 0.198381 0.165164 0.213537 0.147897 0.213729
0 0.207903 0.211668 0.205719 0.209139 0.211926 0.204082 0.220202 0.212243 0.225489 0.207760 0.222271 0.204427 0.228708 0.199369 0.238938 0.211668 0.222156 0.226381 0.221236 0.227300
0 0.291474 0.180357 0.272252 0.200964 0.268789 0.198194 0.263940 0.202350 0.250952 0.190401 0.247315 0.193691 0.237791 0.184686 0.245410 0.176374 0.241947 0.173257 0.250952 0.164598 0.248181 0.161654 0.254415 0.155247 0.259784 0.160789 0.262208 0.158537 0.259091 0.155420 0.264979 0.148667 0.266018 0.147801 0.271213 0.152649 0.276581 0.146415 0.277447 0.145376 0.285586 0.152823 0.298920 0.165464 0.294591 0.169793 0.298401 0.173257
0 0.339111 0.167053 0.322996 0.158803 0.321269 0.162640 0.304002 0.153431 0.302851 0.152664 0.313211 0.130409 0.302851 0.125229 0.306880 0.116787 0.316089 0.121008 0.323955 0.098177 0.324914 0.096450 0.325298 0.095107 0.347361 0.106235 0.348129 0.104700 0.357338 0.109305 0.355995 0.112566 0.362326 0.115060 0.354460 0.137891 0.347553 0.134630 0.343716 0.144031 0.351198 0.147100 0.340838 0.167629
0 0.223963 0.132791 0.222964 0.133584 0.221853 0.133942 0.207080 0.116099 0.203051 0.119169 0.201900 0.119553 0.202475 0.116291 0.199598 0.112646 0.194993 0.112070 0.190580 0.106315 0.199214 0.099600 0.196336 0.095571 0.204202 0.089239 0.209382 0.095954 0.210533 0.094611 0.206504 0.089239 0.208039 0.088088 0.202859 0.081373 0.218783 0.068327 0.228184 0.079647 0.230103 0.078304 0.224539 0.071205 0.232789 0.064682 0.237393 0.070629 0.242573 0.066217 0.250797 0.074041 0.268282 0.097873 0.249480 0.112838 0.245259 0.106315 0.235283 0.113989 0.240079 0.119553
0 0.278465 0.062600 0.276937 0.062472 0.279993 0.053304 0.274645 0.051775 0.274645 0.051139 0.277828 0.042352 0.280885 0.043243 0.282158 0.039550 0.277574 0.038022 0.280121 0.030636 0.285596 0.032419 0.286361 0.028599 0.283432 0.027834 0.286233 0.018029 0.292218 0.020066 0.294383 0.012680 0.320107 0.020830 0.317560 0.028471 0.324182 0.030254 0.313485 0.064510 0.308391 0.062345 0.305590 0.071259
0 0.321247 0.000006 0.320124 0.007189 0.315067 0.006346 0.314037 0.012246 0.292124 0.008874 0.285380 0.000006
0 0.230761 0.456371 0.237533 0.456512 0.237674 0.455665 0.251642 0.455101 0.252347 0.455101 0.252347 0.464836 0.230761 0.464413
0 0.386810 0.490300 0.387752 0.466751 0.410830 0.467928 0.410594 0.491477 0.386575 0.490535
0 0.392042 0.505279 0.413769 0.505420 0.413910 0.530251 0.389502 0.530110 0.389502 0.505561
0 0.405243 0.545387 0.428420 0.545642 0.429311 0.545897 0.429311 0.570602 0.423454 0.570729 0.423454 0.575059 0.413266 0.575186 0.413266 0.570856 0.402569 0.570602 0.402696 0.545387
0 0.419635 0.580676 0.442901 0.589250 0.436119 0.610284 0.430602 0.609135 0.428763 0.614422 0.421176 0.611664 0.423016 0.606951 0.412211 0.603503 0.418878 0.581319
0 0.379243 0.603094 0.398628 0.590078 0.412956 0.610680 0.392167 0.625101 0.378026 0.603750
0 0.174781 0.833342 0.200096 0.833653 0.200407 0.858553 0.174262 0.858761
0 0.141748 0.744371 0.148904 0.719639 0.170039 0.726708 0.169883 0.727802 0.163787 0.750311
0 0.117103 0.999005 0.110131 0.988796 0.142652 0.966903 0.161825 0.999005